# Created by Octave 5.1.0, Tue Oct 26 21:51:41 2021 AKDT <hschwaiger@omalley>
# name: ConvRate
# type: matrix
# rows: 1
# columns: 6
 2.0210127626806131 2.0210127626806154 2.0210127626797938 1.8538010578556641 1.8538010578556672 1.8538010566744254


